-1.350738 4.641698 2.084112 2.688619 100
-1.303416 4.526361 2.430449 2.104752 100
-1.32232 4.559057 2.423841 1.757266 100
-1.348712 4.582908 2.086556 2.416268 100
-1.462215 4.724093 2.431074 1.642991 100
-1.357317 4.584126 2.15466 2.823544 100
-1.471849 4.723977 2.312444 2.044639 100
-1.272194 4.573801 1.977694 3.327359 100
-1.426369 4.672207 2.107973 2.474181 100
-1.442117 4.686215 1.956962 2.510709 100
-1.426321 4.689556 2.412836 1.956144 100
-1.497663 4.647984 1.934145 2.358175 100
-1.414908 4.514472 1.929417 2.210546 100
-1.459648 4.734608 2.106644 2.427442 100
-1.649642 4.767968 1.807576 2.023589 100
-1.312692 4.477786 1.886161 2.545318 100
-1.390143 4.395934 2.044109 1.997871 100
-1.44563 4.520314 2.132886 1.714235 100
-1.357062 4.501507 2.492591 1.736624 100
-1.51361 4.754592 2.361857 1.810785 100
-1.407491 4.632471 2.060664 2.649479 100
-1.48928 4.603305 1.954621 1.983999 100
-1.361072 4.535687 1.890124 2.475914 100
-1.450661 4.670089 2.100691 2.103819 100
-1.138263 4.536516 2.978953 2.460633 100
-1.30816 4.645733 2.626944 1.984109 100
-1.44073 4.689418 2.237789 1.999426 100
-1.393722 4.608658 2.193393 2.127476 100
-1.190422 4.414348 2.496306 2.513895 100
-1.218376 4.440378 3.046213 1.403726 100
-1.500575 4.776702 1.729061 2.69578 100
-1.360907 4.375052 1.700626 2.694628 100
-1.480441 4.565089 1.629394 2.588347 100
-1.560303 4.762461 1.389983 2.762961 100
-1.446908 4.685069 1.826493 2.59536 100
-1.262994 4.5617 2.159911 2.947926 100
-1.179175 4.496302 2.102098 3.152528 100
-1.325781 4.565892 2.413249 2.254764 100
-1.478621 4.669397 1.73867 2.595109 100
-1.419577 4.647332 2.157676 2.285728 100
-1.440266 4.737872 2.169926 2.114904 100
-1.440524 4.652538 2.16753 2.418087 100
-1.371462 4.60341 1.869472 2.670103 100
-1.198492 4.480077 2.169241 3.139689 100
-1.317092 4.398326 1.896653 2.672099 100
-1.227886 4.407208 2.365359 2.097745 100
-1.318819 4.59938 2.356647 2.260917 100
-1.249184 4.349444 2.124022 2.359672 100
-1.362668 4.513947 1.572305 3.103598 100
-1.373787 4.57544 2.225527 2.04604 100
-1.46171 4.661687 1.882835 2.861408 100
-1.357435 4.659572 2.07138 2.787424 100
-1.35932 4.600564 2.057653 2.371701 100
-1.423465 4.7192 2.677977 1.440069 100
-1.458675 4.589816 1.879416 2.246108 100
-1.411348 4.513886 2.183709 1.917862 100
-1.382037 4.543743 2.16655 2.183467 100
-1.486363 4.72186 1.994247 2.494175 100
-1.438717 4.583703 1.889323 2.487548 100
-1.368458 4.612993 2.180291 2.219804 100
-1.548171 4.669618 1.856748 1.802706 100
-1.328721 4.583818 2.148678 2.43595 100
-1.279915 4.593101 2.508928 2.334446 100
-1.435041 4.51075 2.075764 1.779244 100
-1.303395 4.494782 1.946438 2.691518 100
-1.415815 4.548356 2.133444 2.236866 100
-1.293643 4.637307 2.448148 2.579345 100
-1.218666 4.533506 2.32921 2.767225 100
-1.476683 4.62123 1.897804 2.271801 100
-1.497415 4.793446 1.881745 2.757999 100
-1.381562 4.526896 2.247037 2.314134 100
-1.327587 4.619693 2.465214 2.536247 100
-1.501463 4.7323 2.365084 1.427333 100
-1.276946 4.419003 2.118646 2.509983 100
-1.407542 4.629039 2.093751 2.016446 100
-1.486306 4.655768 2.096189 1.846068 100
-1.278316 4.611407 2.265138 3.100094 100
-1.513455 4.766977 2.147036 2.248481 100
-1.285046 4.694553 2.079656 3.205388 100
-1.366162 4.729909 2.505818 2.447555 100
-1.458152 4.639345 2.009837 2.22256 100
-1.428182 4.608404 1.827057 2.570793 100
-1.435107 4.604353 2.235903 1.925521 100
-1.306749 4.501914 2.376676 2.076934 100
-1.598403 4.677204 2.151987 1.285448 100
-1.362486 4.671983 1.796092 3.463952 100
-1.299928 4.487542 2.081516 2.529893 100
-1.28563 4.616826 2.388389 2.734598 100
-1.399947 4.642191 2.139928 2.529817 100
-1.401532 4.604624 2.109488 2.304663 100
-1.423738 4.654167 2.134123 2.299076 200
-1.383165 4.602101 2.095714 2.288488 200
-1.344124 4.501183 2.230328 2.193873 200
-1.519074 4.62411 1.813543 2.20403 200
-1.390595 4.589504 1.924723 2.69135 200
-1.346643 4.571763 2.221964 2.370001 200
-1.326085 4.428469 2.092767 2.27566 200
-1.339382 4.526951 2.18118 2.394834 200
-1.443832 4.641713 1.993196 2.516485 200
-1.470567 4.618226 2.204896 1.874471 200
-1.381698 4.626192 2.076954 2.663245 200
-1.491112 4.611793 2.10144 1.860166 200
-1.455328 4.772342 2.145857 2.39716 200
-1.35384 4.584454 2.277274 2.366336 200
-1.294855 4.494311 1.980742 2.453029 200
-1.419975 4.689095 2.090731 2.541982 200
-1.316446 4.537969 2.151672 2.377346 200
-1.310484 4.390953 2.200501 2.392688 200
-1.410132 4.61767 2.29372 1.901235 200
-1.307933 4.5473 2.03867 2.494964 200
-1.290828 4.581297 2.45514 2.279471 200
-1.381403 4.565051 1.938124 2.795298 200
-1.368318 4.558941 2.068197 2.388194 200
-1.341962 4.542643 2.105118 2.673533 200
-1.410407 4.635362 2.258317 2.079632 200
-1.552936 4.551409 1.681565 2.248515 200
-1.379645 4.683198 2.176412 2.639723 200
-1.384267 4.653376 2.12568 2.499392 200
-1.305515 4.541231 2.252339 2.239504 200
-1.302033 4.446152 2.13407 2.403457 200
-1.371799 4.55171 2.071351 2.319115 200
-1.439939 4.665213 2.109072 2.453244 200
-1.355561 4.560275 2.295995 1.853205 200
-1.307362 4.612973 2.297373 2.664299 200
-1.384039 4.609143 2.305218 2.274385 200
-1.515915 4.677648 1.962969 2.435685 200
-1.415107 4.566547 1.990666 2.462436 200
-1.443719 4.556836 2.13591 2.078541 200
-1.408084 4.711501 2.397545 2.02923 200
-1.481774 4.6036 1.844596 2.223669 200
-1.381591 4.507808 2.021833 2.340597 200
-1.393773 4.5518 2.020387 2.461765 200
-1.342736 4.542092 2.502625 2.192389 200
-1.384675 4.649208 2.302891 2.453899 200
-1.41382 4.530332 2.035423 2.094487 200
-1.338265 4.448647 1.981962 2.313453 200
-1.525595 4.686248 1.852205 2.23365 200
-1.407007 4.733227 2.243997 2.256967 200
-1.332371 4.585124 2.359245 2.253475 200
-1.334805 4.653712 2.934312 1.575809 200
-1.446848 4.665228 2.06251 2.213733 200
-1.461325 4.628584 1.849109 2.512967 200
-1.37811 4.62042 2.179024 2.303654 200
-1.483623 4.622615 1.818121 2.443317 200
-1.481453 4.635271 1.844293 2.25288 200
-1.453143 4.729081 2.071623 2.413541 200
-1.475059 4.67315 2.081658 2.157051 200
-1.584696 4.738314 1.902567 2.150949 200
-1.349261 4.551108 2.148415 2.505777 200
-1.40436 4.551168 2.018706 2.202857 200
-1.485072 4.477815 1.746046 2.266552 200
-1.344499 4.595141 2.326456 2.100343 200
-1.363998 4.623713 2.477059 2.011672 200
-1.367961 4.65655 2.013527 2.50545 200
-1.457519 4.693779 2.119825 2.040544 200
-1.394784 4.680828 2.221532 2.213765 200
-1.610731 4.630301 1.897234 1.632134 200
-1.442011 4.616041 2.073603 2.188825 200
-1.374371 4.6328 2.23103 2.2013 200
-1.382352 4.662272 2.118501 2.681081 200
-1.318136 4.627872 2.22265 2.428884 200
-1.402262 4.564852 2.192092 1.92339 200
-1.377157 4.664488 2.117684 2.414403 200
-1.347568 4.552356 2.05415 2.634679 200
-1.301218 4.516863 2.393009 2.079044 200
-1.453152 4.643038 2.161653 1.837426 200
-1.301693 4.443684 2.269051 2.208973 200
-1.385078 4.547684 2.345231 2.062691 200
-1.479022 4.778211 2.219218 2.097979 200
-1.34744 4.564989 2.240561 2.394768 200
-1.492698 4.751764 1.969671 2.666843 200
-1.404632 4.577008 2.031578 2.510565 200
-1.411609 4.597313 1.869646 2.553726 200
-1.474365 4.681097 2.104034 2.270145 200
-1.45093 4.549959 1.72743 2.49707 200
-1.381292 4.609391 2.306191 2.317149 200
-1.301986 4.50362 2.008966 2.652576 200
-1.338541 4.542745 2.133258 2.180055 200
-1.285384 4.637477 2.492215 2.480546 200
-1.458503 4.712717 2.068477 2.311028 200
-1.448195 4.649413 1.947942 2.438223 300
-1.45283 4.663261 2.13753 2.196536 300
-1.505496 4.674736 1.924886 2.086307 300
-1.297912 4.524314 2.100639 2.612005 300
-1.385468 4.590792 2.071699 2.444996 300
-1.372265 4.557701 2.422842 1.882195 300
-1.418157 4.645217 2.107585 2.448288 300
-1.365612 4.608248 2.1279 2.421299 300
-1.348387 4.520415 1.99331 2.602494 300
-1.478751 4.646036 2.009534 2.290491 300
-1.374161 4.568898 2.311295 2.251999 300
-1.351374 4.565701 2.05058 2.650275 300
-1.383828 4.575731 2.024447 2.399596 300
-1.444623 4.613346 2.243586 1.782451 300
-1.347797 4.593143 2.117333 2.637479 300
-1.461768 4.661358 2.085195 2.096379 300
-1.45296 4.739946 2.16959 2.364611 300
-1.426273 4.618118 2.057532 2.153707 300
-1.386372 4.595225 1.942699 2.617816 300
-1.427269 4.58649 2.053004 2.302955 300
-1.447954 4.637567 2.04388 2.149634 300
-1.281616 4.644716 2.563845 2.375411 300
-1.311012 4.521869 2.055716 2.247148 300
-1.367193 4.522834 1.925655 2.560766 300
-1.347735 4.60565 2.229598 2.535715 300
-1.311362 4.56992 2.182481 2.674166 300
-1.41966 4.657231 2.13543 2.248824 300
-1.319114 4.562119 2.102351 2.704157 300
-1.55178 4.705428 1.910324 2.040449 300
-1.356508 4.646263 2.19832 2.502957 300
-1.315438 4.577307 2.240212 2.424311 300
-1.346332 4.501675 2.236877 2.308843 300
-1.509902 4.568387 1.839319 2.147546 300
-1.428852 4.624141 2.034336 2.169938 300
-1.28475 4.406764 2.030798 2.48172 300
-1.478245 4.629073 2.082134 1.967548 300
-1.290538 4.559945 2.259996 2.494688 300
-1.302263 4.647104 2.358804 2.613846 300
-1.324586 4.513664 2.017869 2.41882 300
-1.424914 4.71384 2.209184 2.29922 300
-1.362971 4.624601 2.11845 2.447826 300
-1.411989 4.585298 2.199319 2.034958 300
-1.399635 4.580165 2.230522 2.303988 300
-1.43141 4.673644 2.021098 2.50745 300
-1.366332 4.623413 2.161508 2.64223 300
-1.472779 4.686076 2.119392 2.168263 300
-1.336041 4.529944 2.028504 2.462937 300
-1.291315 4.533324 2.40086 2.47636 300
-1.367914 4.660581 2.170304 2.472645 300
-1.48242 4.578692 2.047306 1.914932 300
-1.449862 4.553112 1.823723 2.239347 300
-1.302711 4.489477 2.416459 2.161575 300
-1.339162 4.586734 2.327247 2.520453 300
-1.26562 4.507589 2.238851 2.45489 300
-1.390408 4.584563 2.230358 2.181081 300
-1.328188 4.608581 2.385439 2.293108 300
-1.348454 4.641914 2.383877 2.309072 300
-1.432011 4.502955 1.948373 2.158812 300
-1.461561 4.627626 2.020804 2.236221 300
-1.447712 4.768541 2.163574 2.44305 300
-1.397262 4.641676 2.116969 2.515793 300
-1.363716 4.617821 2.229456 2.258457 300
-1.422796 4.647604 2.192359 2.151113 300
-1.320164 4.551966 2.062239 2.560034 300
-1.422213 4.575283 2.158555 1.847403 300
-1.3014 4.57922 2.230983 2.621513 300
-1.352662 4.553314 2.050802 2.564154 300
-1.386612 4.621657 2.150027 2.483022 300
-1.431338 4.661639 2.047128 2.280747 300
-1.401379 4.702137 2.166737 2.467252 300
-1.369173 4.587812 2.143238 2.174245 300
-1.463787 4.570031 1.857683 2.110691 300
-1.435205 4.630811 1.782678 2.706701 300
-1.48479 4.678867 2.072507 1.992532 300
-1.439812 4.576016 1.902659 2.342823 300
-1.37 4.60477 2.014007 2.601584 300
-1.406364 4.586262 2.049335 2.340637 300
-1.39616 4.585698 2.157014 2.17133 300
-1.355751 4.561659 2.124058 2.244388 300
-1.437299 4.57372 2.148159 1.919905 300
-1.283948 4.453057 2.090202 2.589021 300
-1.437192 4.618199 2.09762 2.170875 300
-1.319245 4.636976 2.282475 2.648754 300
-1.429589 4.619072 2.138953 2.341083 300
-1.284645 4.748558 2.33322 3.158275 300
-1.436326 4.572849 1.809734 2.381477 300
-1.377936 4.625495 2.239881 2.151531 300
-1.355711 4.517581 1.869246 2.509123 300
-1.281894 4.558606 2.086165 2.668168 300
-1.405327 4.590648 2.248908 2.010431 300
-1.399437 4.565544 1.886419 2.556694 400
-1.379261 4.630899 2.05073 2.656465 400
-1.352781 4.554283 2.209654 2.118059 400
-1.422527 4.622669 2.015334 2.518442 400
-1.293934 4.622668 2.474991 2.375859 400
-1.40154 4.636009 2.195761 2.392226 400
-1.358054 4.576712 2.243764 2.24131 400
-1.377822 4.490736 2.024206 2.107568 400
-1.424355 4.644952 1.995103 2.4449 400
-1.404897 4.620218 2.124692 2.229246 400
-1.387897 4.608719 2.054931 2.537408 400
-1.390814 4.625119 2.165523 2.233982 400
-1.33393 4.603951 2.242417 2.519333 400
-1.376615 4.559831 2.166587 2.184737 400
-1.467133 4.724983 2.097148 2.320115 400
-1.442858 4.633464 1.959351 2.419669 400
-1.366222 4.554305 2.163616 2.198244 400
-1.430201 4.658715 1.943672 2.549468 400
-1.432641 4.647155 2.03473 2.400279 400
-1.412949 4.546767 1.704494 2.682978 400
-1.425945 4.582557 1.900125 2.299996 400
-1.382532 4.576776 1.921896 2.44135 400
-1.315844 4.572023 2.125429 2.61386 400
-1.425344 4.659058 1.859825 2.743593 400
-1.314772 4.568634 2.283723 2.51441 400
-1.348389 4.525073 2.153122 2.342818 400
-1.403994 4.606752 2.219692 2.062121 400
-1.471733 4.676981 2.029503 2.249398 400
-1.412448 4.599259 2.137115 2.194595 400
-1.426574 4.644542 1.884708 2.710431 400
-1.404374 4.661292 2.123541 2.364961 400
-1.435855 4.673804 2.104671 2.258868 400
-1.342067 4.642434 2.463216 2.114714 400
-1.471906 4.579132 2.018734 2.058383 400
-1.34169 4.564082 2.081054 2.599004 400
-1.356062 4.620989 2.299353 2.315133 400
-1.365144 4.481058 2.193568 2.19402 400
-1.44805 4.550008 1.892598 2.378116 400
-1.435442 4.617642 2.038588 2.243644 400
-1.411629 4.653214 2.014619 2.683505 400
-1.34305 4.535856 2.198386 2.227591 400
-1.359017 4.653586 2.201411 2.451582 400
-1.397993 4.597 2.291077 2.005809 400
-1.41398 4.607275 2.185633 2.03666 400
-1.298129 4.508281 2.249775 2.516953 400
-1.389462 4.695422 2.312186 2.320123 400
-1.543351 4.631603 1.768786 2.137512 400
-1.35496 4.530563 1.984573 2.42702 400
-1.355526 4.630126 2.242405 2.310468 400
-1.437588 4.594326 1.93779 2.171673 400
-1.366706 4.554488 1.954203 2.586977 400
-1.368154 4.572745 1.968383 2.648988 400
-1.355356 4.614025 2.193027 2.133518 400
-1.333933 4.466047 2.127504 2.204689 400
-1.430469 4.586824 2.069143 2.067493 400
-1.364447 4.525434 2.173383 1.98787 400
-1.400263 4.652759 1.98122 2.634957 400
-1.436362 4.558678 1.962597 2.251661 400
-1.39969 4.669131 2.294896 2.27348 400
-1.45518 4.689366 2.123892 2.262961 400
-1.432541 4.605769 2.264708 1.982437 400
-1.444892 4.669051 2.132718 2.067165 400
-1.429736 4.667742 2.169321 2.222494 400
-1.412867 4.583011 1.968832 2.280207 400
-1.506297 4.583366 1.900065 2.176187 400
-1.419999 4.677175 2.285655 2.006298 400
-1.365053 4.545278 2.153126 2.292786 400
-1.400885 4.602816 2.132435 2.073066 400
-1.418534 4.71104 2.297555 2.222132 400
-1.220956 4.533229 2.412097 2.850045 400
-1.386978 4.518169 2.188446 1.951852 400
-1.438559 4.614086 2.055661 2.175786 400
-1.504476 4.663869 2.001933 2.16305 400
-1.472921 4.607933 2.109094 1.985876 400
-1.445979 4.588333 2.079927 2.044467 400
-1.50924 4.744141 2.0993 2.304637 400
-1.373535 4.628157 2.141733 2.541146 400
-1.436111 4.5326 1.792211 2.369114 400
-1.373428 4.47869 1.984875 2.37548 400
-1.322733 4.547304 2.325419 2.064189 400
-1.43828 4.59971 2.060556 2.213572 400
-1.434158 4.636994 2.202653 2.038217 400
-1.369 4.676862 2.034509 2.784754 400
-1.364472 4.524726 2.192833 2.206327 400
-1.405483 4.615285 2.104071 2.373873 400
-1.449422 4.715717 2.37727 1.890777 400
-1.36354 4.550585 2.183301 2.104276 400
-1.399371 4.648979 2.067334 2.394673 400
-1.306331 4.535591 2.18564 2.685528 400
-1.398114 4.632071 2.000372 2.549487 400
-1.315704 4.556849 2.298178 2.33051 500
-1.304571 4.519319 2.046403 2.621934 500
-1.399423 4.588801 2.118068 2.227385 500
-1.350302 4.55222 2.203301 2.340863 500
-1.394505 4.534228 2.252047 1.78861 500
-1.494476 4.678769 2.007329 2.140137 500
-1.398996 4.562592 1.973591 2.280943 500
-1.399574 4.516781 1.878633 2.497521 500
-1.438271 4.665296 2.027737 2.474718 500
-1.366796 4.585474 2.270497 2.193464 500
-1.368842 4.5178 2.225457 2.128373 500
-1.424428 4.582892 2.0116 2.284935 500
-1.387926 4.661887 2.056974 2.48473 500
-1.313672 4.621238 2.470071 2.34425 500
-1.476074 4.589892 1.770074 2.237949 500
-1.351957 4.56596 2.171327 2.462601 500
-1.38972 4.637197 2.049074 2.549442 500
-1.373806 4.586146 2.093599 2.318236 500
-1.410535 4.653077 2.111062 2.380026 500
-1.429798 4.600601 1.924417 2.433554 500
-1.424506 4.67036 2.212984 2.110261 500
-1.382364 4.59327 2.156058 2.384583 500
-1.397 4.59815 2.181849 2.120925 500
-1.404305 4.583785 2.197275 2.127044 500
-1.413976 4.596834 2.186175 1.993371 500
-1.43892 4.676061 2.210131 1.972897 500
-1.32219 4.55267 2.274299 2.240958 500
-1.394021 4.58488 2.285188 2.101454 500
-1.40051 4.626512 2.203819 2.204919 500
-1.412665 4.664883 2.155172 2.287164 500
-1.455559 4.616112 2.167041 1.921422 500
-1.417115 4.609056 2.126007 2.098208 500
-1.479209 4.661951 2.00003 2.240094 500
-1.438931 4.647444 1.884737 2.629623 500
-1.392235 4.613829 2.203735 2.158825 500
-1.4292 4.61377 2.128231 2.091808 500
-1.379421 4.567615 2.064292 2.342445 500
-1.382011 4.680594 2.323042 2.418662 500
-1.46213 4.685016 1.880706 2.555692 500
-1.358883 4.592996 2.34456 2.198739 500
-1.387878 4.56232 1.923073 2.567722 500
-1.393494 4.566392 2.191583 2.102629 500
-1.373265 4.621594 2.082419 2.54399 500
-1.372229 4.632118 2.334846 2.156337 500
-1.418138 4.685367 2.195532 2.411375 500
-1.388092 4.698874 2.241556 2.3238 500
-1.449808 4.651488 2.015615 2.304146 500
-1.356532 4.549589 2.167043 2.238343 500
-1.414326 4.634292 2.07417 2.21101 500
-1.452111 4.625678 2.024986 2.106407 500
-1.403101 4.630353 2.215339 2.070945 500
-1.355644 4.623621 2.207024 2.466424 500
-1.424981 4.625319 2.112211 2.312934 500
-1.423699 4.600231 2.109322 2.287134 500
-1.376381 4.579813 2.043181 2.405129 500
-1.438406 4.686797 2.120015 2.348834 500
-1.38554 4.525259 2.104582 2.010485 500
-1.484953 4.661305 1.949024 2.309002 500
-1.291317 4.551536 2.407741 2.278583 500
-1.429329 4.607372 1.845474 2.574659 500
-1.354008 4.507361 2.242798 2.027031 500
-1.353929 4.53363 2.081421 2.229834 500
-1.422634 4.626418 2.072233 2.137745 500
-1.40203 4.613713 1.974754 2.465302 500
-1.418982 4.608991 2.170489 2.051138 500
-1.312284 4.601052 2.353568 2.402022 500
-1.388816 4.56099 1.981936 2.397362 500
-1.380308 4.584541 2.179398 2.231523 500
-1.326156 4.549067 2.255568 2.369903 500
-1.444121 4.593412 2.221341 1.808661 500
-1.412218 4.530763 1.955669 2.234041 500
-1.374378 4.54622 2.022849 2.331692 500
-1.384591 4.573731 2.101933 2.517424 500
-1.39317 4.614267 2.234476 2.153036 500
-1.408747 4.626989 2.050762 2.481576 500
-1.475283 4.62224 2.003274 2.010435 500
-1.383988 4.53571 2.062045 2.149127 500
-1.419778 4.617324 2.06246 2.165082 500
-1.364161 4.577489 2.099808 2.336773 500
-1.398511 4.534871 2.054807 2.256077 500
-1.40251 4.608475 2.007396 2.562456 500
-1.461092 4.721383 2.089611 2.522223 500
-1.511231 4.71484 2.037574 2.084947 500
-1.356354 4.591987 2.263337 2.246316 500
-1.444973 4.610103 2.05909 2.195785 500
-1.438959 4.624832 1.989708 2.252862 500
-1.438278 4.654866 2.254461 2.037241 500
-1.377953 4.557427 2.072057 2.369199 500
-1.413378 4.562313 1.979595 2.451126 500
-1.373504 4.539204 2.009728 2.46678 500
-1.390507 4.639473 2.177227 2.327848 600
-1.470245 4.56385 2.054982 1.944244 600
-1.375558 4.639407 2.133092 2.546296 600
-1.435744 4.636961 2.21602 2.051616 600
-1.409331 4.573797 2.044389 2.314099 600
-1.377963 4.655058 2.309485 2.268121 600
-1.347675 4.578728 2.197344 2.22076 600
-1.402146 4.631571 2.072601 2.295336 600
-1.476105 4.619626 1.934773 2.247009 600
-1.371338 4.596012 2.112827 2.413433 600
-1.387375 4.569958 2.157503 2.23481 600
-1.413122 4.638491 2.125817 2.250822 600
-1.477429 4.682159 2.083341 2.182839 600
-1.435909 4.588935 1.998229 2.333821 600
-1.430962 4.615849 2.119405 2.017518 600
-1.433953 4.625938 2.027635 2.226096 600
-1.352737 4.566257 2.020503 2.556267 600
-1.465497 4.561021 1.884076 2.275059 600
-1.402681 4.601802 2.041522 2.457255 600
-1.352683 4.548981 2.129681 2.430466 600
-1.431176 4.573081 2.131216 2.001389 600
-1.361446 4.579383 2.12438 2.418619 600
-1.332713 4.495854 2.225949 2.275542 600
-1.375152 4.669143 2.207408 2.510299 600
-1.355565 4.570457 2.125363 2.385558 600
-1.389302 4.630658 2.106948 2.413266 600
-1.400295 4.557415 2.141695 2.216361 600
-1.365926 4.59156 2.054703 2.538479 600
-1.431025 4.656295 2.110993 2.292087 600
-1.330741 4.554686 2.327257 2.291047 600
-1.406431 4.618888 2.009105 2.670256 600
-1.433327 4.566432 1.986992 2.171497 600
-1.357667 4.57797 2.117872 2.437241 600
-1.344655 4.539664 2.088688 2.477032 600
-1.374523 4.552815 2.200288 2.288318 600
-1.428665 4.604903 2.172367 2.102384 600
-1.358928 4.531294 1.910816 2.559232 600
-1.410553 4.587793 2.173747 2.001728 600
-1.354559 4.602042 2.095331 2.526257 600
-1.41924 4.585753 1.959408 2.181766 600
-1.360458 4.557384 2.187662 2.211621 600
-1.418903 4.647168 2.151068 2.29394 600
-1.426554 4.59816 2.073332 2.311307 600
-1.37363 4.612897 2.168512 2.299764 600
-1.403816 4.659871 2.169607 2.481407 600
-1.473205 4.661472 2.015717 2.240811 600
-1.479526 4.643203 2.00361 2.170535 600
-1.304117 4.539281 2.244451 2.318637 600
-1.352511 4.60565 2.232878 2.465264 600
-1.418118 4.644496 2.063381 2.33199 600
-1.308983 4.48979 2.346226 2.1291 600
-1.404921 4.588121 2.126397 2.261251 600
-1.398226 4.610868 1.989446 2.560097 600
-1.34638 4.527153 2.34055 2.126268 600
-1.413383 4.619513 2.153274 2.170442 600
-1.412795 4.632487 2.098867 2.121396 600
-1.391868 4.578175 2.149189 2.183335 600
-1.38173 4.589478 2.080095 2.391583 600
-1.419313 4.617581 2.116905 2.071273 600
-1.389905 4.59025 2.125519 2.320083 600
-1.427852 4.61073 2.294223 1.968057 600
-1.384237 4.568776 2.198489 2.173046 600
-1.379531 4.616176 2.214437 2.180025 600
-1.42768 4.635977 2.023988 2.293288 600
-1.460838 4.662861 2.185895 2.087387 600
-1.427545 4.623512 2.062228 2.331189 600
-1.373503 4.574862 2.190676 2.107108 600
-1.409924 4.635974 2.049529 2.376875 600
-1.394196 4.64627 2.043089 2.607828 600
-1.371112 4.568767 1.995553 2.41498 600
-1.367622 4.480198 2.01422 2.249744 600
-1.407829 4.586891 2.118315 2.140825 600
-1.418667 4.621788 1.924778 2.504515 600
-1.443419 4.636484 1.976416 2.359208 600
-1.389579 4.605354 2.04762 2.496581 600
-1.340767 4.491667 2.262079 1.958625 600
-1.405924 4.614267 2.187834 2.154579 600
-1.318309 4.552181 2.297389 2.385292 600
-1.40802 4.585821 1.985713 2.487555 600
-1.382947 4.569105 2.226293 2.065058 600
-1.48357 4.63281 2.114467 1.841125 600
-1.357953 4.548602 2.297243 2.078322 600
-1.384916 4.623411 2.120133 2.468521 600
-1.36782 4.556735 2.123528 2.268201 600
-1.440276 4.637928 1.939751 2.345361 600
-1.379237 4.555877 2.148467 2.206871 600
-1.399672 4.636825 2.059885 2.414243 600
-1.362363 4.612343 2.314984 2.355293 600
-1.384816 4.609043 2.072527 2.442566 600
-1.348953 4.549352 2.241609 2.15398 600
-1.387851 4.665421 2.297992 2.346528 700
-1.40332 4.577607 2.132237 2.159496 700
-1.341044 4.593152 2.119947 2.616902 700
-1.37514 4.573284 2.321753 2.046737 700
-1.383603 4.567316 2.100627 2.378031 700
-1.479877 4.619014 1.89576 2.259928 700
-1.431509 4.573754 1.961768 2.296066 700
-1.361798 4.59414 2.128313 2.341437 700
-1.434322 4.669233 2.071782 2.22436 700
-1.405367 4.603941 2.055255 2.246926 700
-1.432725 4.632187 2.008241 2.215999 700
-1.349586 4.604586 2.175274 2.509816 700
-1.444044 4.729999 2.010402 2.620323 700
-1.316725 4.52214 2.130491 2.383675 700
-1.403465 4.623734 2.021478 2.542499 700
-1.432884 4.658258 2.105454 2.246997 700
-1.405832 4.614262 2.198434 2.038843 700
-1.373158 4.595437 2.003861 2.500755 700
-1.44137 4.604883 1.959326 2.295259 700
-1.460218 4.648018 2.127204 2.204084 700
-1.438573 4.636983 1.939355 2.454791 700
-1.397526 4.582928 2.089233 2.27581 700
-1.417402 4.625603 2.065223 2.410326 700
-1.418988 4.522574 1.992182 2.218683 700
-1.378891 4.547459 2.088354 2.333966 700
-1.399186 4.642329 2.204013 2.20608 700
-1.361375 4.562975 2.282531 2.131135 700
-1.363436 4.610654 2.223893 2.276645 700
-1.329097 4.540283 2.183422 2.441803 700
-1.48417 4.640944 2.039707 2.043596 700
-1.344704 4.593179 2.161007 2.430761 700
-1.406413 4.662143 2.125204 2.29708 700
-1.358127 4.583914 2.23801 2.306463 700
-1.393753 4.614473 2.13366 2.267174 700
-1.369967 4.547653 2.115879 2.388218 700
-1.386525 4.567433 2.19114 2.143546 700
-1.400646 4.646947 2.19546 2.306962 700
-1.492344 4.623768 1.961297 2.135761 700
-1.436656 4.590339 1.993473 2.34897 700
-1.361672 4.618804 2.196391 2.270301 700
-1.403422 4.623812 2.062501 2.416493 700
-1.337856 4.581816 2.19408 2.444412 700
-1.380601 4.628902 2.207412 2.345855 700
-1.356243 4.600504 2.232287 2.337122 700
-1.470405 4.66744 2.031747 2.244171 700
-1.443 4.600697 2.050211 2.136165 700
-1.362612 4.526996 2.138839 2.434176 700
-1.381297 4.63473 2.192703 2.36105 700
-1.399106 4.580082 2.115304 2.149414 700
-1.348464 4.567988 2.137827 2.433199 700
-1.392365 4.607949 2.061226 2.345184 700
-1.476923 4.693136 2.073429 2.159416 700
-1.413024 4.657537 2.110458 2.369499 700
-1.440992 4.641751 1.951393 2.31322 700
-1.461681 4.653291 2.036752 2.235627 700
-1.410707 4.668519 2.038541 2.646127 700
-1.420696 4.680749 2.170235 2.271283 700
-1.39925 4.694183 2.158192 2.608388 700
-1.434399 4.577209 1.92794 2.344098 700
-1.447555 4.582748 1.840344 2.425963 700
-1.447877 4.621562 2.000669 2.307302 700
-1.414429 4.6259 2.194432 2.101281 700
-1.42413 4.606901 2.01839 2.375169 700
-1.382471 4.561947 2.112454 2.322069 700
-1.314048 4.594769 2.33199 2.483495 700
-1.422662 4.609905 2.138027 2.187951 700
-1.454492 4.634637 1.964492 2.313531 700
-1.398184 4.617444 2.058652 2.650865 700
-1.372696 4.556434 2.065472 2.437765 700
-1.386555 4.612215 2.106046 2.290255 700
-1.362263 4.598905 2.086673 2.492896 700
-1.455126 4.632674 2.084173 2.041978 700
-1.445242 4.654794 2.161463 2.223254 700
-1.383191 4.567261 2.072257 2.336593 700
-1.43051 4.588771 2.073009 2.236053 700
-1.430839 4.653435 2.040436 2.301247 700
-1.41542 4.617318 2.081573 2.366707 700
-1.365311 4.627539 2.298591 2.365978 700
-1.415051 4.598282 2.108811 2.343329 700
-1.369334 4.621208 2.268038 2.255184 700
-1.406158 4.617179 2.076705 2.337369 700
-1.4091 4.603172 2.034691 2.465995 700
-1.41789 4.656968 2.066235 2.415582 700
-1.36715 4.616923 2.077721 2.508222 700
-1.384258 4.575779 2.104685 2.128228 700
-1.43361 4.633799 2.061864 2.331227 700
-1.380219 4.546937 2.003429 2.462427 700
-1.389205 4.61873 2.199373 2.199734 700
-1.373603 4.548092 2.080747 2.39309 700
-1.470138 4.685178 2.072555 2.085256 700
-1.422417 4.628471 2.096002 2.357148 800
-1.386986 4.616664 2.249173 2.231456 800
-1.390819 4.622938 2.194877 2.212672 800
-1.388768 4.596892 2.189253 2.128507 800
-1.43404 4.611126 2.057733 2.131456 800
-1.372579 4.521913 1.970042 2.433448 800
-1.407001 4.5889 2.207317 2.116046 800
-1.37908 4.532372 1.971481 2.420243 800
-1.38091 4.60047 2.184967 2.288841 800
-1.374469 4.57336 2.070693 2.321445 800
-1.382887 4.613293 2.277523 2.167938 800
-1.358732 4.534451 2.01468 2.497173 800
-1.371431 4.568029 2.158086 2.335639 800
-1.40978 4.60616 2.097009 2.321325 800
-1.461179 4.629567 2.15141 1.901721 800
-1.36346 4.516569 1.985994 2.315557 800
-1.308481 4.476726 2.188416 2.313771 800
-1.385927 4.68353 2.214027 2.527612 800
-1.369111 4.547294 2.059648 2.383301 800
-1.394813 4.591852 2.169262 2.287325 800
-1.387761 4.62284 2.172352 2.267953 800
-1.46052 4.667133 2.06212 2.252778 800
-1.388265 4.621468 2.259106 2.255051 800
-1.366514 4.52232 2.076293 2.237574 800
-1.4275 4.588329 2.005057 2.201679 800
-1.397479 4.621361 2.14799 2.328061 800
-1.399683 4.556761 2.015241 2.29882 800
-1.412259 4.60153 2.214837 2.174633 800
-1.396934 4.565747 2.166327 2.120062 800
-1.40761 4.591583 2.054443 2.298428 800
-1.371071 4.590506 2.147912 2.339143 800
-1.422084 4.604436 1.993677 2.344053 800
-1.423222 4.624752 2.165165 2.177431 800
-1.456988 4.598993 1.871422 2.318295 800
-1.397359 4.563924 2.112604 2.190677 800
-1.351707 4.536277 2.126999 2.292795 800
-1.368074 4.59032 2.135118 2.485344 800
-1.431757 4.568625 2.006638 2.169693 800
-1.416756 4.583973 2.005191 2.396514 800
-1.390888 4.574714 2.118015 2.355668 800
-1.39716 4.605813 2.093021 2.389467 800
-1.337985 4.590904 2.145715 2.567219 800
-1.38669 4.581059 2.061042 2.356568 800
-1.323616 4.51415 2.231188 2.336461 800
-1.381203 4.551107 2.084963 2.283093 800
-1.411925 4.618214 1.99327 2.446514 800
-1.361141 4.573561 2.22874 2.267446 800
-1.351242 4.540306 2.175614 2.262528 800
-1.405904 4.642513 2.285785 2.070737 800
-1.394514 4.586674 2.119834 2.327635 800
-1.419577 4.601505 2.097526 2.227787 800
-1.433538 4.672999 2.025459 2.402335 800
-1.377391 4.585893 2.189329 2.264176 800
-1.373354 4.561984 2.055822 2.417892 800
-1.420679 4.613607 1.907717 2.512839 800
-1.45457 4.663488 2.083213 2.243402 800
-1.382309 4.581717 2.13719 2.295147 800
-1.470067 4.61946 1.817779 2.38126 800
-1.44732 4.61552 1.942315 2.21622 800
-1.377791 4.576944 2.058003 2.264825 800
-1.449858 4.626923 1.985243 2.154134 800
-1.357289 4.584548 2.127075 2.467801 800
-1.375456 4.571413 2.186623 2.302544 800
-1.450262 4.584947 2.112076 2.067339 800
-1.451404 4.623164 1.990772 2.371649 800
-1.354187 4.565343 2.146815 2.318347 800
-1.368773 4.598518 2.239803 2.223139 800
-1.413084 4.643796 2.271572 2.077503 800
-1.407662 4.616861 2.169543 2.145882 800
-1.365279 4.574165 2.160494 2.351899 800
-1.425113 4.617657 1.907369 2.491622 800
-1.331258 4.550663 2.198447 2.42006 800
-1.377 4.63144 2.250382 2.334332 800
-1.431824 4.591202 2.027506 2.191737 800
-1.345447 4.598648 2.270003 2.344993 800
-1.328124 4.557799 2.290245 2.310227 800
-1.409265 4.592299 2.097729 2.197506 800
-1.429358 4.601932 2.059219 2.306531 800
-1.37903 4.601925 2.093728 2.443937 800
-1.408156 4.660434 2.091061 2.406154 800
-1.364592 4.560403 2.121609 2.334858 800
-1.371134 4.627093 2.25684 2.35436 800
-1.423636 4.629769 2.162731 2.249326 800
-1.411177 4.599581 2.011756 2.389246 800
-1.361901 4.584264 2.04749 2.542833 800
-1.375105 4.557567 2.146021 2.296267 800
-1.394359 4.576437 2.13847 2.162494 800
-1.387018 4.604487 2.09454 2.374602 800
-1.405939 4.635523 2.188961 2.23964 800
-1.414461 4.557972 2.072501 2.100308 800
-1.397566 4.60717 2.127525 2.369149 900
-1.385371 4.581338 2.246196 2.206759 900
-1.404086 4.578012 2.09398 2.214578 900
-1.381318 4.590004 2.090854 2.311287 900
-1.398368 4.591763 2.053122 2.373004 900
-1.377404 4.5744 2.078391 2.356876 900
-1.417286 4.581374 2.053847 2.294199 900
-1.376859 4.553407 2.124307 2.384521 900
-1.394882 4.625078 2.115253 2.303877 900
-1.381309 4.604559 2.141056 2.387374 900
-1.380292 4.613001 2.206539 2.209758 900
-1.435459 4.621086 2.076963 2.297183 900
-1.365812 4.593604 2.137537 2.457966 900
-1.388857 4.598121 2.204768 2.191401 900
-1.419738 4.641251 2.310338 2.079053 900
-1.41609 4.635385 2.088138 2.245596 900
-1.370895 4.651409 2.32651 2.290963 900
-1.353084 4.542611 2.156129 2.42012 900
-1.416668 4.628241 2.088455 2.421301 900
-1.366141 4.586662 2.202848 2.332388 900
-1.367996 4.612519 2.219191 2.294796 900
-1.393206 4.576184 2.060972 2.442003 900
-1.378866 4.62683 2.282147 2.207313 900
-1.39832 4.615803 2.065189 2.478383 900
-1.358892 4.581746 2.347947 2.063019 900
-1.436192 4.630927 2.000889 2.393238 900
-1.404461 4.586118 1.969308 2.435772 900
-1.365789 4.616417 2.272548 2.150743 900
-1.348926 4.563545 2.317883 2.106692 900
-1.385285 4.627148 2.311154 2.217719 900
-1.387595 4.618048 2.264417 2.10269 900
-1.416308 4.608834 2.056988 2.32056 900
-1.400909 4.611059 2.203073 2.079912 900
-1.39669 4.613746 2.085721 2.276476 900
-1.373217 4.602589 2.174285 2.457762 900
-1.382764 4.550985 2.183101 2.115368 900
-1.405314 4.635536 2.260508 2.079261 900
-1.391791 4.595149 2.114186 2.380483 900
-1.44436 4.570953 1.909374 2.193934 900
-1.432645 4.635481 2.019032 2.299536 900
-1.409109 4.633654 2.143649 2.327599 900
-1.352812 4.588845 2.185745 2.348729 900
-1.411614 4.641885 2.07565 2.428433 900
-1.443732 4.625158 2.122266 2.086415 900
-1.348719 4.577673 2.240133 2.33416 900
-1.416933 4.557795 2.044444 2.284948 900
-1.385569 4.605558 2.023828 2.487931 900
-1.359746 4.632047 2.233275 2.398836 900
-1.396895 4.555102 1.970425 2.37665 900
-1.434361 4.62648 2.129114 2.127408 900
-1.431303 4.638562 2.05351 2.33414 900
-1.459552 4.66173 2.128635 2.1375 900
-1.436415 4.703887 2.21804 2.232679 900
-1.396486 4.589342 2.050602 2.403795 900
-1.332608 4.554307 2.282781 2.22856 900
-1.373103 4.584159 2.117525 2.327976 900
-1.379701 4.517029 2.018767 2.349516 900
-1.37284 4.601113 2.100192 2.337259 900
-1.416527 4.626049 1.985375 2.369966 900
-1.462069 4.66819 2.079781 2.132461 900
-1.369049 4.52632 2.140978 2.137815 900
-1.419149 4.625298 2.097729 2.238115 900
-1.471384 4.649495 2.013004 2.187918 900
-1.423858 4.587829 2.039207 2.218406 900
-1.368348 4.64271 2.176443 2.480444 900
-1.39327 4.58002 2.134222 2.23045 900
-1.392484 4.540833 2.055978 2.203327 900
-1.414264 4.607352 2.013761 2.321862 900
-1.478467 4.627713 2.028526 2.149795 900
-1.35532 4.61233 2.228477 2.40588 900
-1.411488 4.558853 2.058462 2.133132 900
-1.415236 4.585436 2.040209 2.273843 900
-1.357464 4.601469 2.151076 2.545504 900
-1.372294 4.593008 2.123283 2.371653 900
-1.398691 4.597743 2.081999 2.307628 900
-1.455736 4.623553 1.897612 2.359431 900
-1.371653 4.604449 2.215178 2.349308 900
-1.369949 4.624053 2.198074 2.384594 900
-1.37805 4.52159 2.162945 2.105582 900
-1.376928 4.58206 2.182412 2.263864 900
-1.406896 4.595217 2.096754 2.214276 900
-1.38759 4.58497 2.008289 2.475934 900
-1.45281 4.618944 2.036888 2.155284 900
-1.411337 4.588015 2.142455 2.075287 900
-1.399758 4.613498 2.095703 2.472712 900
-1.313087 4.445772 2.07764 2.422893 900
-1.338377 4.566729 2.15789 2.434445 900
-1.325688 4.552309 2.192765 2.325819 900
-1.367069 4.57632 2.126677 2.344737 900
-1.375366 4.617669 2.215245 2.19881 900
-1.425103 4.605342 2.122611 2.034428 1000
-1.361206 4.590834 2.312481 2.09089 1000
-1.341577 4.533112 2.169316 2.413075 1000
-1.429764 4.645938 2.05652 2.329745 1000
-1.418051 4.614789 2.151723 2.106184 1000
-1.453002 4.619355 1.900831 2.246981 1000
-1.406758 4.660421 2.120708 2.485456 1000
-1.442636 4.620775 2.040846 2.224883 1000
-1.389943 4.578777 2.076741 2.380714 1000
-1.395113 4.629821 2.194468 2.411821 1000
-1.428271 4.598573 1.935898 2.54794 1000
-1.427117 4.611106 2.06472 2.281699 1000
-1.358688 4.588448 2.194295 2.32579 1000
-1.392532 4.56723 2.071932 2.2309 1000
-1.465459 4.68469 1.954215 2.475326 1000
-1.44859 4.679085 2.050966 2.309254 1000
-1.407302 4.58721 2.110888 2.205237 1000
-1.395075 4.596983 2.146916 2.254235 1000
-1.40125 4.609372 2.168744 2.23875 1000
-1.457452 4.617035 2.035674 2.113347 1000
-1.47874 4.647532 2.018347 2.162655 1000
-1.404448 4.611646 2.164075 2.209877 1000
-1.385436 4.605405 1.984766 2.631243 1000
-1.418666 4.605671 2.078031 2.265327 1000
-1.375723 4.56108 2.103922 2.306545 1000
-1.39301 4.627148 2.06564 2.442519 1000
-1.4234 4.639354 2.189062 2.202751 1000
-1.407822 4.566566 2.078932 2.370084 1000
-1.383973 4.59779 2.0103 2.612382 1000
-1.355297 4.55132 2.122488 2.346801 1000
-1.343756 4.603865 2.094486 2.601573 1000
-1.381039 4.575525 2.106897 2.359256 1000
-1.43485 4.658817 2.098495 2.159489 1000
-1.352418 4.591017 2.111 2.466124 1000
-1.431168 4.60774 2.060203 2.228037 1000
-1.463471 4.66616 1.977858 2.445214 1000
-1.390999 4.611149 2.071792 2.466919 1000
-1.393295 4.621097 2.045263 2.52197 1000
-1.399587 4.544435 2.058431 2.048387 1000
-1.36567 4.59121 2.212877 2.26373 1000
-1.347328 4.591435 2.184773 2.487755 1000
-1.425532 4.671112 2.074639 2.317198 1000
-1.440755 4.703378 2.067148 2.396914 1000
-1.360656 4.560432 2.155411 2.372883 1000
-1.4009 4.581083 2.110565 2.285786 1000
-1.374254 4.613271 2.196782 2.256315 1000
-1.404843 4.594833 2.202658 2.176401 1000
-1.381228 4.615419 2.14129 2.409092 1000
-1.43717 4.627353 2.007163 2.246894 1000
-1.36845 4.604699 2.242616 2.261834 1000
-1.401947 4.593251 2.109227 2.319099 1000
-1.426753 4.609293 2.029515 2.362143 1000
-1.371435 4.57584 2.106091 2.401254 1000
-1.423168 4.597013 1.991886 2.384754 1000
-1.427618 4.638205 2.131402 2.193851 1000
-1.377952 4.57159 2.050989 2.487366 1000
-1.377021 4.568911 2.252492 2.167182 1000
-1.396928 4.595772 2.128743 2.229446 1000
-1.437507 4.604326 2.052742 2.161778 1000
-1.394239 4.613505 2.07924 2.373489 1000
-1.400587 4.629582 2.108749 2.400716 1000
-1.413214 4.666372 2.006877 2.592692 1000
-1.404063 4.607312 2.146554 2.167113 1000
-1.399158 4.557737 2.049046 2.247421 1000
-1.374416 4.632492 2.217894 2.378685 1000
-1.396385 4.576005 2.153478 2.235669 1000
-1.361472 4.577428 2.190453 2.301604 1000
-1.358667 4.557914 2.22656 2.324333 1000
-1.40111 4.593385 2.077929 2.382836 1000
-1.340358 4.573687 2.219477 2.317773 1000
-1.341917 4.549415 2.237082 2.356 1000
-1.460694 4.620332 2.104873 2.021188 1000
-1.393643 4.666204 2.245197 2.257338 1000
-1.391627 4.629794 2.134345 2.368087 1000
-1.392911 4.565203 1.979897 2.369866 1000
-1.349736 4.562 2.20063 2.245954 1000
-1.313916 4.564424 2.220935 2.428097 1000
-1.372516 4.59545 2.202491 2.329255 1000
-1.37162 4.584063 2.094158 2.493645 1000
-1.425152 4.596292 2.126882 2.15488 1000
-1.438463 4.671091 2.042738 2.356232 1000
-1.407867 4.556703 2.115658 2.219817 1000
-1.390743 4.590233 2.20612 2.166909 1000
-1.377701 4.627477 2.165608 2.447918 1000
-1.366396 4.522982 2.111206 2.248662 1000
-1.390981 4.584227 2.037016 2.384586 1000
-1.431122 4.582137 1.996119 2.250044 1000
-1.397362 4.567127 1.998509 2.439333 1000
-1.465812 4.628205 1.962958 2.232957 1000
-1.363656 4.560427 2.140206 2.406935 1000
-1.375195 4.534049 1.886861 2.550651 100
-1.349015 4.525531 1.987032 2.199225 100
-1.364582 4.633152 2.137276 2.25902 100
-1.233283 4.404005 2.249654 2.245723 100
-1.341133 4.598117 2.383911 2.130041 100
-1.494076 4.645125 2.045836 1.858321 100
-1.375232 4.648564 2.071186 2.336923 100
-1.245535 4.580232 2.531172 2.93261 100
-1.286194 4.44722 2.458493 1.593247 100
-1.491551 4.711437 1.879007 2.60031 100
-1.448164 4.571981 1.950297 2.196635 200
-1.344219 4.502457 2.315916 2.129824 200
-1.46107 4.604753 1.743974 2.560371 200
-1.395637 4.526622 2.165204 2.125369 200
-1.430002 4.581457 1.946087 2.400011 200
-1.286964 4.469699 2.135041 2.696048 200
-1.429115 4.626587 2.156134 2.258873 200
-1.410031 4.614405 2.417243 1.947727 200
-1.503261 4.606349 1.772142 2.143011 200
-1.384966 4.577326 2.125846 2.461078 200
-1.471681 4.663926 2.347825 1.594273 300
-1.339734 4.592191 2.493805 1.923366 300
-1.400902 4.635822 2.12638 2.347745 300
-1.363416 4.572329 2.326661 1.932244 300
-1.246133 4.515357 2.434944 2.386789 300
-1.583286 4.769668 1.711762 2.545806 300
-1.37221 4.521751 2.018075 2.543418 300
-1.401533 4.565267 1.991555 2.199253 300
-1.402828 4.656451 2.391808 2.019031 300
-1.466285 4.659197 2.12685 2.130356 300
-1.369728 4.54392 2.263174 2.044409 400
-1.487215 4.623641 1.933337 2.092719 400
-1.427833 4.6209 1.905604 2.597261 400
-1.315838 4.652948 2.307996 2.566534 400
-1.39458 4.491633 2.008798 2.195318 400
-1.425241 4.549812 2.061805 2.087396 400
-1.472813 4.714634 1.987277 2.35092 400
-1.397428 4.59388 2.186063 2.192118 400
-1.333315 4.55835 2.225307 2.275867 400
-1.446405 4.607578 2.139535 2.040902 400
-1.431971 4.591149 1.99082 2.400974 500
-1.405654 4.566766 2.198598 1.944808 500
-1.404582 4.604118 2.189777 2.186616 500
-1.40228 4.64646 2.092065 2.33581 500
-1.403982 4.580504 2.059685 2.383519 500
-1.43779 4.604333 2.048179 2.196491 500
-1.437391 4.615151 1.95431 2.407529 500
-1.373362 4.604892 2.121674 2.51024 500
-1.369478 4.578384 2.215997 2.294513 500
-1.436083 4.619319 2.174058 2.004773 500
-1.364559 4.640922 2.355428 2.178182 600
-1.445773 4.650518 2.022545 2.315697 600
-1.392087 4.569727 1.986987 2.446042 600
-1.438176 4.663856 2.049217 2.312427 600
-1.421913 4.529906 2.005721 2.138544 600
-1.454502 4.598582 1.992725 2.240116 600
-1.404274 4.561496 1.998665 2.303846 600
-1.288727 4.53702 2.211627 2.486582 600
-1.310143 4.574425 2.300787 2.414313 600
-1.407382 4.607883 2.051017 2.328229 600
-1.404125 4.666904 2.15096 2.486455 700
-1.417578 4.606527 1.930212 2.618278 700
-1.415149 4.520285 1.987107 2.297443 700
-1.37274 4.551467 2.333493 2.008602 700
-1.420487 4.662045 2.163119 2.320129 700
-1.327456 4.535619 2.25328 2.398851 700
-1.370422 4.61725 2.110935 2.525252 700
-1.361495 4.57076 2.212348 2.121388 700
-1.395556 4.579918 2.209149 2.157072 700
-1.393105 4.652061 2.088884 2.386569 700
-1.389419 4.599841 1.943833 2.567601 800
-1.400935 4.537634 2.03611 2.326834 800
-1.370528 4.61636 2.419185 1.963583 800
-1.347109 4.504276 2.045166 2.2967 800
-1.382743 4.570934 2.123564 2.382443 800
-1.45617 4.548899 1.936779 2.132107 800
-1.421911 4.589172 2.011536 2.199424 800
-1.381698 4.617113 1.987979 2.524705 800
-1.430662 4.600205 2.110109 2.130695 800
-1.411779 4.579702 2.13144 2.077332 800
-1.401981 4.597766 2.03985 2.406072 900
-1.418495 4.597141 2.180393 2.059304 900
-1.401993 4.602515 2.182912 2.191043 900
-1.403909 4.605722 2.073347 2.383237 900
-1.427102 4.627492 2.163281 2.164582 900
-1.351121 4.595779 2.139984 2.634944 900
-1.381194 4.613836 2.155891 2.367767 900
-1.402009 4.596322 2.105488 2.164051 900
-1.375183 4.581232 2.1165 2.399791 900
-1.41558 4.5483 1.9084 2.405742 900
-1.401813 4.585141 2.052875 2.330562 1000
-1.377887 4.596809 2.131614 2.332725 1000
-1.421026 4.599968 2.024234 2.236011 1000
-1.462547 4.580265 1.984725 2.138596 1000
-1.408775 4.539925 1.898509 2.405332 1000
-1.395223 4.55798 2.110543 2.250224 1000
-1.418409 4.615562 2.018895 2.410004 1000
-1.391097 4.576576 2.132342 2.202775 1000
-1.431257 4.661382 2.100414 2.215044 1000
-1.424562 4.591946 1.990406 2.342736 1000
-1.495784 4.847249 2.152557 2.804657 100
-1.248744 4.588169 2.509126 2.468668 100
-1.448854 4.523433 1.904106 1.910577 100
-1.438007 4.685819 1.816321 2.82039 100
-1.382746 4.572122 1.92031 2.801198 100
-1.269775 4.50211 1.946144 3.022864 100
-1.367246 4.591528 1.895959 2.781224 100
-1.361674 4.620413 2.352453 2.410458 100
-1.208597 4.419619 2.010624 3.319576 100
-1.421978 4.522679 1.886796 2.371406 100
-1.373201 4.604115 2.090882 2.475033 100
-1.453429 4.768722 2.290665 2.150042 100
-1.471702 4.605804 1.770575 2.165045 100
-1.478626 4.717743 1.931182 2.24074 100
-1.437655 4.578481 1.787299 2.677126 100
-1.399361 4.617339 2.31187 2.064016 200
-1.433021 4.648391 2.028314 2.438207 200
-1.335656 4.598322 2.175976 2.471077 200
-1.378676 4.595513 2.035541 2.547341 200
-1.369644 4.611803 2.353489 2.30345 200
-1.394097 4.59391 2.296537 1.871329 200
-1.354812 4.612923 2.504151 1.965186 200
-1.372582 4.554376 2.127773 2.245892 200
-1.40466 4.472528 1.850605 2.38744 200
-1.366566 4.542281 1.875893 2.793789 200
-1.403287 4.635344 2.348444 1.996022 200
-1.349895 4.614325 2.328128 2.305373 200
-1.415979 4.447891 1.708332 2.267908 200
-1.237273 4.466811 2.549391 2.333815 200
-1.318982 4.497911 2.324266 2.098574 200
-1.373409 4.569249 2.325552 2.072983 300
-1.326727 4.552118 2.206218 2.791356 300
-1.482316 4.724345 1.966561 2.230232 300
-1.37664 4.63945 2.038629 2.52221 300
-1.410051 4.58078 2.187443 2.113776 300
-1.437063 4.582524 2.216601 1.885799 300
-1.340551 4.603177 2.393595 2.095939 300
-1.434838 4.663808 2.105627 2.324577 300
-1.45312 4.69382 1.987715 2.386431 300
-1.314368 4.542897 2.162107 2.418349 300
-1.457955 4.696333 2.063881 2.297944 300
-1.468051 4.724406 2.012542 2.455621 300
-1.383976 4.600497 2.097515 2.355049 300
-1.377713 4.664767 2.251774 2.307872 300
-1.480651 4.611984 1.991651 1.996203 300
-1.41809 4.613618 2.168668 2.098239 400
-1.449068 4.613705 1.899995 2.340279 400
-1.395311 4.590438 2.044644 2.296064 400
-1.428812 4.598177 2.264063 1.874705 400
-1.378948 4.572786 1.994712 2.290289 400
-1.404901 4.575845 1.935856 2.379115 400
-1.407495 4.589489 2.113249 2.162636 400
-1.361982 4.570237 2.220947 2.253694 400
-1.412078 4.590705 1.89185 2.582161 400
-1.313044 4.594652 2.206088 2.507009 400
-1.355256 4.518057 2.171994 2.121403 400
-1.317731 4.560648 2.050702 2.815631 400
-1.452206 4.683924 2.283343 1.957303 400
-1.38786 4.497017 2.014262 2.345456 400
-1.367027 4.603156 2.297045 2.088603 400
-1.412317 4.671229 2.094869 2.486377 500
-1.401335 4.588665 2.047582 2.377626 500
-1.449366 4.612008 2.158049 1.991819 500
-1.364339 4.581104 2.139757 2.344801 500
-1.461152 4.660404 2.053886 2.301269 500
-1.397512 4.588739 2.128412 2.284104 500
-1.297845 4.538343 2.229494 2.395232 500
-1.42421 4.556762 2.047677 2.190511 500
-1.411472 4.631241 2.120148 2.257458 500
-1.466392 4.618354 2.202539 1.926723 500
-1.347191 4.553637 2.254549 2.134814 500
-1.354688 4.60302 2.112218 2.455555 500
-1.475292 4.631305 1.890186 2.344183 500
-1.412435 4.610365 2.110719 2.166006 500
-1.364339 4.55871 2.035691 2.461118 500
-1.396993 4.570474 1.939503 2.514975 600
-1.390314 4.591244 2.03495 2.384458 600
-1.402062 4.606051 2.082435 2.281279 600
-1.369084 4.617203 2.203602 2.248578 600
-1.438874 4.630445 1.99762 2.413254 600
-1.43404 4.574776 2.026914 2.23053 600
-1.402852 4.590656 2.050841 2.352533 600
-1.497229 4.587488 1.994827 1.940776 600
-1.432862 4.637909 2.196617 2.126509 600
-1.443476 4.618745 1.936084 2.309272 600
-1.360284 4.512141 2.204547 2.105248 600
-1.461654 4.664774 2.125756 2.003182 600
-1.389169 4.547356 2.125475 2.203291 600
-1.388009 4.5905 2.242736 2.012448 600
-1.39311 4.578124 1.926202 2.425418 600
-1.43993 4.6807 1.997602 2.602699 700
-1.411627 4.633114 2.146879 2.187986 700
-1.420938 4.636991 2.156762 2.31452 700
-1.340464 4.580146 2.158132 2.564676 700
-1.40184 4.563192 2.037011 2.278241 700
-1.416622 4.564604 2.081992 2.170999 700
-1.390129 4.57535 2.112067 2.288823 700
-1.398004 4.645064 2.266216 2.198274 700
-1.374096 4.606821 2.087211 2.490727 700
-1.385783 4.622664 2.082747 2.433541 700
-1.46383 4.690567 2.014487 2.388814 700
-1.376543 4.601706 2.247637 2.265649 700
-1.392434 4.553349 2.117618 2.207075 700
-1.368038 4.553757 2.203157 2.189418 700
-1.387517 4.570694 2.274533 2.068577 700
-1.423273 4.563195 2.091906 2.047053 800
-1.445385 4.662885 2.01597 2.235401 800
-1.42447 4.645046 2.081356 2.447005 800
-1.496173 4.716544 1.925797 2.38662 800
-1.451594 4.654712 1.957257 2.380767 800
-1.439542 4.650168 2.181574 2.065636 800
-1.382214 4.604509 2.173298 2.297159 800
-1.427007 4.582495 2.029233 2.298732 800
-1.482875 4.621216 1.922464 2.319627 800
-1.4437 4.565381 1.973307 2.115665 800
-1.370863 4.560423 2.198868 2.330146 800
-1.438955 4.63255 2.069121 2.222319 800
-1.404351 4.576206 2.068461 2.343637 800
-1.465514 4.647548 1.978863 2.244982 800
-1.391191 4.58678 2.141037 2.281444 800
-1.405988 4.562345 2.088892 2.109825 900
-1.410183 4.597022 2.136612 2.297224 900
-1.38214 4.623512 2.146878 2.430023 900
-1.450916 4.623642 2.028088 2.253558 900
-1.424966 4.635258 2.088713 2.244033 900
-1.362879 4.592171 2.244341 2.256414 900
-1.466613 4.634721 1.923219 2.309076 900
-1.427087 4.602994 1.983983 2.434774 900
-1.394394 4.613159 2.089894 2.502622 900
-1.380599 4.567586 2.205459 2.279844 900
-1.372902 4.550563 2.254535 1.992922 900
-1.438029 4.663852 2.08364 2.286755 900
-1.419976 4.622343 2.004232 2.41748 900
-1.421271 4.573445 2.001531 2.312868 900
-1.420069 4.666431 2.053355 2.478815 900
-1.370936 4.616573 2.14184 2.497634 1000
-1.396423 4.598423 2.151812 2.210278 1000
-1.367314 4.582755 2.184468 2.323244 1000
-1.390964 4.622073 2.125607 2.326317 1000
-1.37121 4.56919 2.166638 2.256902 1000
-1.401393 4.566445 2.191193 2.147823 1000
-1.413918 4.615768 2.068618 2.349361 1000
-1.425981 4.603472 2.133324 2.277614 1000
-1.34602 4.556755 2.05372 2.614511 1000
-1.371689 4.565753 2.163982 2.158126 1000
-1.373256 4.558181 2.124737 2.202482 1000
-1.403733 4.597942 2.087819 2.326071 1000
-1.47132 4.606687 1.877819 2.226664 1000
-1.434057 4.637757 2.123564 2.19089 1000
-1.381046 4.606423 2.186768 2.34949 1000
