2.360826 19.88407 100
2.387698 24.44704 100
2.745136 42.07037 100
2.610103 25.4945 100
2.563306 26.63608 100
2.266378 15.69461 100
2.94305 45.8761 100
2.620592 31.82841 100
2.968933 40.99798 100
2.883091 49.91628 100
2.575515 20.50643 100
2.305622 19.48219 100
2.880079 38.16692 100
2.213128 14.3983 100
2.416662 21.5789 100
2.155661 17.02729 100
2.585697 30.08311 100
2.261143 16.92703 100
2.365497 17.08982 100
2.584134 22.82865 100
2.685987 38.19108 100
2.764757 38.06831 100
2.385742 23.5626 100
3.044017 50.35058 100
2.306635 18.93274 100
2.331377 21.11955 100
2.569121 24.10498 100
2.72712 34.50047 100
2.513963 28.06362 100
2.618506 29.19788 100
2.432637 23.31342 100
2.637019 24.79508 100
2.660094 33.56874 100
2.345588 19.011 100
2.555382 27.18091 100
2.526919 26.3657 100
2.67545 28.78484 100
2.656831 29.34092 100
2.917705 35.3496 100
2.509053 22.94654 100
3.174729 51.74431 100
2.366349 24.57493 100
2.319755 16.44517 100
2.889527 41.08871 100
2.120191 18.03166 100
2.769261 34.24008 100
2.870155 37.61705 100
2.30237 17.38253 100
2.240356 18.76819 100
2.31111 20.06915 100
2.625463 28.67177 200
2.612147 30.35767 200
2.637146 26.69523 200
2.675989 33.61578 200
2.528027 28.32817 200
2.505801 26.75813 200
2.42187 20.1418 200
2.632451 28.94375 200
2.738294 31.60038 200
2.610295 29.06852 200
2.367383 21.26517 200
2.27443 19.06168 200
2.659562 28.23783 200
2.75237 29.67107 200
2.49715 23.59532 200
2.351946 19.07811 200
2.653255 29.55752 200
2.294877 17.41683 200
2.648835 28.94573 200
2.658148 33.17137 200
2.375162 23.56358 200
2.573661 26.88353 200
2.666734 32.36063 200
2.57286 27.60967 200
2.46626 24.20682 200
2.213015 19.24026 200
2.529093 27.21875 200
2.366008 21.21927 200
2.456299 26.92383 200
2.37661 23.76317 200
2.502703 25.73682 200
2.455921 22.27703 200
2.456907 26.59704 200
2.432089 27.09666 200
2.321516 18.12274 200
2.405024 20.23905 200
2.728338 32.13964 200
2.6127 26.0473 200
2.420438 23.80661 200
2.369958 23.11645 200
2.33395 22.48256 200
2.518429 25.52802 200
2.292285 18.86567 200
2.636773 27.15018 200
2.501894 26.80894 200
2.277058 18.84718 200
2.525497 27.20858 200
2.633125 32.44184 200
2.430426 21.65749 200
2.458456 21.58934 200
2.401668 22.12174 300
2.399644 20.19967 300
2.736011 33.9135 300
2.452306 23.71635 300
2.56417 25.78427 300
2.637294 30.08934 300
2.562127 25.77497 300
2.371304 22.29655 300
2.496892 26.12302 300
2.709741 32.842 300
2.461867 25.62419 300
2.713778 29.57654 300
2.581607 25.8001 300
2.654322 31.24536 300
2.668927 33.27137 300
2.499609 24.792 300
2.579484 27.14121 300
2.526735 23.6614 300
2.562904 30.22449 300
2.422334 21.79495 300
2.411293 22.57264 300
2.461853 24.16986 300
2.319384 20.95706 300
2.406148 23.98212 300
2.481022 24.69585 300
2.402186 22.08148 300
2.552699 24.58913 300
2.411951 21.29427 300
2.573952 28.03006 300
2.709224 33.1727 300
2.585696 29.98385 300
2.736939 35.35496 300
2.506343 26.24121 300
2.398169 21.09407 300
2.4733 25.33434 300
2.569514 26.88066 300
2.537416 26.91908 300
2.541018 25.48893 300
2.565014 28.77589 300
2.587885 31.45258 300
2.586051 26.68041 300
2.830096 37.74425 300
2.5322 27.42288 300
2.641323 30.54127 300
2.740219 32.72329 300
2.556509 26.34763 300
2.461956 25.33745 300
2.344296 19.27003 300
2.490858 24.50187 300
2.581743 27.99496 300
2.52808 25.38071 400
2.41044 24.42128 400
2.554571 25.85328 400
2.741878 31.10521 400
2.52494 26.39992 400
2.595735 28.05096 400
2.435549 24.13397 400
2.561855 27.29335 400
2.663427 30.84631 400
2.581858 26.97225 400
2.508266 26.1737 400
2.652603 33.25469 400
2.370063 21.21821 400
2.427091 23.01075 400
2.492046 25.17408 400
2.324859 19.87503 400
2.456617 24.18455 400
2.450217 23.18158 400
2.382621 21.5555 400
2.499017 26.14764 400
2.483458 22.87171 400
2.388953 20.30247 400
2.469791 25.73449 400
2.484949 24.10766 400
2.479525 23.41599 400
2.334162 19.22056 400
2.474491 23.74601 400
2.420807 23.34741 400
2.489689 26.83431 400
2.462368 23.86493 400
2.413742 24.7837 400
2.583533 27.84304 400
2.607164 30.48476 400
2.407463 21.76494 400
2.475082 24.27101 400
2.449569 22.75551 400
2.433955 24.15402 400
2.611922 29.37491 400
2.493751 25.02129 400
2.55025 27.99649 400
2.580846 27.98379 400
2.5208 26.48001 400
2.348107 21.38569 400
2.544689 27.82948 400
2.562722 25.90432 400
2.478314 21.78787 400
2.41376 21.19324 400
2.577428 25.64701 400
2.405237 22.05943 400
2.581068 27.74096 400
2.413589 23.38234 500
2.436124 22.54998 500
2.459983 24.69435 500
2.694477 30.46613 500
2.559319 27.46477 500
2.411615 20.56733 500
2.47341 23.78811 500
2.588019 29.1217 500
2.504937 25.88162 500
2.463636 23.1453 500
2.578417 26.93357 500
2.470214 24.55815 500
2.413887 22.58723 500
2.440324 22.8356 500
2.460449 22.77177 500
2.539781 25.74114 500
2.466714 25.02477 500
2.566111 27.81772 500
2.496975 22.74755 500
2.491842 25.76669 500
2.629767 29.86547 500
2.518127 25.01261 500
2.50653 26.48705 500
2.513451 25.34099 500
2.533226 24.81204 500
2.779176 34.75594 500
2.551079 24.53477 500
2.492529 25.41408 500
2.502602 24.38676 500
2.409395 22.19644 500
2.485771 26.58551 500
2.501687 23.78511 500
2.610999 29.89099 500
2.437348 23.18867 500
2.601331 29.78869 500
2.553711 25.64787 500
2.527594 24.43772 500
2.520582 28.88521 500
2.553446 27.0681 500
2.461949 23.85009 500
2.667548 32.51437 500
2.495049 24.00872 500
2.576852 27.95832 500
2.545074 26.61328 500
2.562703 26.04563 500
2.4594 23.25222 500
2.506918 24.7125 500
2.521017 28.97539 500
2.476928 23.60592 500
2.507521 24.98526 500
2.436513 21.64666 600
2.380741 21.3034 600
2.528132 24.18825 600
2.531426 26.91727 600
2.568853 26.40421 600
2.438075 25.06045 600
2.462465 24.68079 600
2.267315 17.44131 600
2.41853 22.38321 600
2.631748 32.1257 600
2.594388 30.06379 600
2.260426 19.16113 600
2.471512 23.80037 600
2.526605 26.15835 600
2.500134 23.73513 600
2.522565 24.6286 600
2.65599 29.5874 600
2.622584 31.74131 600
2.582314 29.80685 600
2.573612 26.90259 600
2.386105 21.918 600
2.510126 25.82092 600
2.46042 22.29397 600
2.520024 25.47114 600
2.578778 27.13335 600
2.558023 26.51734 600
2.513505 23.99764 600
2.408011 22.09446 600
2.47761 24.06977 600
2.504306 25.06848 600
2.492574 23.96503 600
2.554002 28.53299 600
2.508445 26.9345 600
2.530446 25.85075 600
2.644067 26.43027 600
2.554771 28.52969 600
2.6923 31.14704 600
2.53335 26.00069 600
2.424224 21.69437 600
2.459845 23.17041 600
2.436602 21.14795 600
2.422539 23.40642 600
2.399384 21.43874 600
2.521419 26.67505 600
2.481023 23.12595 600
2.589608 27.95491 600
2.54101 26.03592 600
2.506906 25.46299 600
2.487031 23.33111 600
2.61322 27.03245 600
2.391852 21.22252 700
2.538193 26.09509 700
2.57877 25.30049 700
2.415178 22.69389 700
2.581309 28.46638 700
2.570652 29.16573 700
2.685334 33.54739 700
2.409169 21.62946 700
2.531818 27.52537 700
2.47432 25.2227 700
2.406679 22.78881 700
2.595124 27.8612 700
2.424684 22.21605 700
2.377388 22.61529 700
2.456717 24.00037 700
2.590975 28.17796 700
2.469464 25.73236 700
2.55406 27.40857 700
2.446444 25.49388 700
2.522648 24.73802 700
2.392031 22.80867 700
2.404865 23.85955 700
2.592891 28.71326 700
2.46367 21.48111 700
2.411455 22.9288 700
2.554087 24.15727 700
2.43065 22.60534 700
2.521251 26.36835 700
2.650143 30.2908 700
2.478113 25.55821 700
2.40951 22.27223 700
2.642358 30.13085 700
2.489318 24.83902 700
2.493078 23.05891 700
2.611205 29.16824 700
2.484398 26.38887 700
2.593773 26.43691 700
2.585097 28.55174 700
2.45893 23.05883 700
2.595492 25.30377 700
2.44556 23.5463 700
2.372527 22.09982 700
2.535593 25.96595 700
2.436847 22.30532 700
2.382811 22.09217 700
2.397021 22.10137 700
2.579577 26.8711 700
2.568099 29.51352 700
2.437207 21.98704 700
2.447727 23.482 700
2.34573 21.36629 800
2.451337 23.95985 800
2.514451 26.89911 800
2.466301 23.76813 800
2.426095 22.87047 800
2.412853 22.60146 800
2.447814 24.62069 800
2.500805 25.18481 800
2.488653 24.35869 800
2.363422 20.55019 800
2.469491 23.89727 800
2.503399 25.08296 800
2.476567 24.36466 800
2.470701 23.69834 800
2.523416 25.7236 800
2.524217 25.02552 800
2.45786 23.43391 800
2.584699 27.45479 800
2.512339 24.67515 800
2.415898 23.09284 800
2.498297 23.47878 800
2.406929 23.67641 800
2.480684 24.21049 800
2.3198 20.06004 800
2.470115 24.44793 800
2.412993 23.37606 800
2.5361 25.55892 800
2.556957 26.14405 800
2.443822 24.22457 800
2.403078 22.02256 800
2.433543 23.25997 800
2.386559 22.06948 800
2.464228 24.79092 800
2.427309 22.59647 800
2.435266 22.50225 800
2.461384 23.70006 800
2.597833 30.17111 800
2.458503 22.3698 800
2.538733 26.32121 800
2.50643 24.04217 800
2.453655 24.78817 800
2.549998 27.43764 800
2.49486 25.1858 800
2.583159 26.95054 800
2.45362 23.53139 800
2.61726 27.62464 800
2.705553 30.6075 800
2.48745 24.91892 800
2.420269 22.44042 800
2.553262 28.69976 800
2.46522 24.16476 900
2.530973 25.59066 900
2.560233 25.41965 900
2.379054 20.70524 900
2.503658 24.83967 900
2.445078 21.81626 900
2.474432 24.11515 900
2.467888 23.43724 900
2.601074 29.03629 900
2.466103 24.22689 900
2.551595 26.42566 900
2.516678 27.92648 900
2.471395 24.19482 900
2.430129 22.60329 900
2.436872 21.75181 900
2.489279 26.56789 900
2.519103 24.53523 900
2.479894 24.82757 900
2.513175 25.08933 900
2.491475 23.32761 900
2.548648 27.86191 900
2.569744 25.99707 900
2.508906 25.41365 900
2.441567 22.90155 900
2.454892 23.26633 900
2.378997 22.76943 900
2.329877 18.79859 900
2.581752 28.28426 900
2.57984 28.75028 900
2.470768 25.10282 900
2.455104 23.9164 900
2.434301 23.85502 900
2.491632 24.01549 900
2.463672 23.3033 900
2.406715 22.41081 900
2.446902 23.8967 900
2.456238 23.85472 900
2.552467 26.4247 900
2.476025 24.85656 900
2.629081 31.27544 900
2.588869 27.54184 900
2.647064 30.11208 900
2.519656 25.03703 900
2.580195 29.67499 900
2.444928 24.00723 900
2.592963 28.29132 900
2.591148 26.11784 900
2.497072 24.7662 900
2.551696 26.2361 900
2.553239 30.25039 900
2.502709 26.09844 1000
2.508136 25.84811 1000
2.572366 27.77722 1000
2.499586 25.01632 1000
2.457257 23.42926 1000
2.564169 27.43217 1000
2.405243 22.85419 1000
2.411195 22.66042 1000
2.434579 23.94468 1000
2.566667 27.30651 1000
2.519281 24.42871 1000
2.539327 25.69003 1000
2.531996 25.89542 1000
2.50138 25.60575 1000
2.381051 21.55451 1000
2.375645 22.40574 1000
2.476896 24.62391 1000
2.528111 25.91709 1000
2.498243 25.26435 1000
2.551158 25.48174 1000
2.519812 25.10223 1000
2.463979 23.37948 1000
2.532519 26.01396 1000
2.441525 23.53273 1000
2.568361 27.06731 1000
2.476256 24.74005 1000
2.570802 27.71402 1000
2.4909 24.41136 1000
2.574614 26.85433 1000
2.450814 23.68518 1000
2.550703 25.46217 1000
2.547333 26.26232 1000
2.471529 24.0695 1000
2.475214 24.85352 1000
2.491679 24.32678 1000
2.486914 26.68256 1000
2.330441 20.21579 1000
2.650138 32.19431 1000
2.45642 23.63435 1000
2.470767 23.53811 1000
2.523978 26.37424 1000
2.479703 24.29112 1000
2.508455 24.87109 1000
2.449829 23.08715 1000
2.435145 22.3997 1000
2.536748 26.37308 1000
2.57507 27.42631 1000
2.430438 20.87752 1000
2.497479 25.0129 1000
2.576936 27.66293 1000
2.204262 17.6084 100
2.49067 22.12933 100
2.395571 20.45156 100
2.989265 40.9766 100
2.230801 18.58635 100
2.419403 24.6482 100
2.586653 24.72843 100
2.477176 23.64998 100
2.745607 32.79811 100
2.696456 24.66699 100
2.701745 33.24176 100
2.773995 32.01168 100
2.712389 38.28547 100
2.36734 21.9658 100
2.626823 31.42481 100
2.586349 31.74655 100
2.743804 37.06059 100
2.590749 22.44944 100
2.591583 26.0871 100
2.662457 34.28086 100
2.813999 36.68548 100
2.505868 20.67721 100
2.74242 35.35785 100
2.458785 27.37937 100
3.02604 45.16356 100
2.382927 23.48055 100
2.41769 20.11197 100
2.479798 22.32572 100
2.591839 24.95615 100
2.385507 21.08054 100
2.746406 29.6252 100
2.617671 30.32929 100
2.654647 34.29855 100
2.615958 32.62012 100
2.597209 26.37999 100
2.515263 25.10022 100
2.511898 26.57937 100
2.611442 25.36653 100
2.745805 30.65647 100
2.542358 31.7084 100
2.594591 27.66962 100
2.827274 36.00032 100
2.422572 24.22038 100
2.456666 24.40464 100
2.266115 19.68281 100
2.854498 41.58573 100
2.983243 44.51072 100
2.346894 17.68999 100
2.446578 25.89964 100
2.846659 30.68048 100
2.533624 25.49592 200
2.408754 21.70952 200
2.381005 22.95029 200
2.663832 26.12192 200
2.250808 18.63246 200
2.948939 47.97671 200
2.449176 20.05125 200
2.513353 25.2135 200
2.623888 31.32621 200
2.789234 40.64275 200
2.522539 23.41384 200
2.426364 22.5994 200
2.45218 23.96095 200
2.561008 30.22949 200
2.33901 19.38434 200
2.848087 42.04622 200
2.563334 26.26369 200
2.544465 29.86337 200
2.193751 18.57324 200
2.669345 34.73627 200
2.461084 25.13888 200
2.675828 32.92346 200
2.391606 21.33878 200
2.322231 18.56658 200
2.121406 15.06338 200
2.240292 19.21226 200
2.382952 20.27006 200
2.555311 21.90436 200
2.410269 23.76443 200
2.589277 26.45989 200
2.482014 25.31965 200
2.652628 30.69656 200
2.412083 22.54994 200
2.753826 33.81713 200
2.715711 35.71664 200
2.255888 19.56782 200
2.383378 21.76404 200
2.663279 30.25539 200
2.636336 28.46366 200
2.507858 26.07491 200
2.363883 22.99816 200
2.271496 18.82502 200
2.579013 29.42615 200
2.455875 26.27882 200
2.354626 21.38584 200
2.414099 25.25329 200
2.718163 39.20948 200
2.400375 22.08179 200
2.54834 25.27074 200
2.545684 26.89938 200
2.49324 26.35298 300
2.56158 26.8831 300
2.513102 29.44731 300
2.521994 24.60299 300
2.538591 25.67488 300
2.592457 25.85684 300
2.512589 28.2158 300
2.57087 28.28398 300
2.509437 26.5969 300
2.648688 30.64296 300
2.332037 18.94194 300
2.371077 22.78375 300
2.573778 27.66871 300
2.386889 21.91648 300
2.593554 28.36077 300
2.579613 28.60359 300
2.639869 31.46948 300
2.518303 23.24642 300
2.359825 20.06109 300
2.450618 24.14191 300
2.637294 30.43005 300
2.617215 28.87529 300
2.498819 24.7716 300
2.626349 31.90297 300
2.628828 31.48197 300
2.607439 32.36679 300
2.598537 26.93399 300
2.409821 20.34161 300
2.656715 33.2874 300
2.613647 25.0003 300
2.514119 24.21452 300
2.406745 25.80657 300
2.456833 23.80398 300
2.721518 33.9841 300
2.387256 22.92599 300
2.406676 22.9521 300
2.537778 26.1142 300
2.498354 24.7692 300
2.300249 19.67826 300
2.489879 24.36249 300
2.646405 29.19862 300
2.671302 30.25825 300
2.371782 22.55134 300
2.763881 37.04702 300
2.445707 25.54095 300
2.811553 37.4131 300
2.453624 26.99076 300
2.45704 25.91447 300
2.563166 30.0901 300
2.528598 24.40275 300
2.416012 22.87661 400
2.310671 19.16684 400
2.258143 18.5858 400
2.434721 21.85395 400
2.501701 23.57218 400
2.636364 33.33904 400
2.421925 23.09274 400
2.654506 31.04252 400
2.445985 24.36846 400
2.511626 28.52591 400
2.38962 21.58444 400
2.410327 23.6067 400
2.688309 30.11445 400
2.461703 23.71979 400
2.470295 23.4307 400
2.46559 23.99587 400
2.599446 29.88754 400
2.481578 24.37749 400
2.566022 28.59936 400
2.558327 27.52251 400
2.368005 21.01986 400
2.57042 29.29847 400
2.513379 25.56412 400
2.588795 28.31905 400
2.720206 32.56421 400
2.434236 22.69133 400
2.34676 20.07746 400
2.565025 27.42355 400
2.562315 24.48577 400
2.520313 24.62733 400
2.396934 22.66347 400
2.33788 22.29287 400
2.54687 26.42747 400
2.575408 28.28122 400
2.56098 27.00029 400
2.712517 35.60336 400
2.558272 27.20223 400
2.35776 21.63536 400
2.536897 27.87247 400
2.77855 37.17913 400
2.489025 24.2656 400
2.519713 27.63255 400
2.245409 17.10089 400
2.315337 18.21115 400
2.503793 27.17378 400
2.699192 33.78422 400
2.446607 22.22524 400
2.552183 25.90729 400
2.500941 25.18068 400
2.454785 24.93348 400
2.478343 24.42932 500
2.414783 22.54951 500
2.554853 26.51254 500
2.443463 23.45988 500
2.54477 25.30452 500
2.504954 27.73037 500
2.637295 31.09942 500
2.471235 23.20416 500
2.549798 26.62345 500
2.354497 22.91362 500
2.529231 24.78413 500
2.637467 28.52632 500
2.361198 19.68534 500
2.399126 21.78537 500
2.274275 19.12126 500
2.476376 23.8036 500
2.499071 24.48778 500
2.442512 23.47872 500
2.557124 26.52121 500
2.412523 24.41853 500
2.601115 26.02399 500
2.266185 17.29258 500
2.514157 27.98738 500
2.57183 27.29613 500
2.631495 31.17199 500
2.476863 24.62598 500
2.306613 19.24804 500
2.559972 26.43605 500
2.601861 27.34595 500
2.54725 27.28121 500
2.425359 23.98761 500
2.500678 22.17289 500
2.412533 23.85028 500
2.430573 22.31614 500
2.434879 23.48379 500
2.615631 29.40975 500
2.576056 29.08175 500
2.580468 30.40568 500
2.479076 24.54529 500
2.439917 21.714 500
2.494259 24.11849 500
2.280753 17.76413 500
2.411149 21.4283 500
2.592199 28.86016 500
2.542254 28.04451 500
2.536659 26.57526 500
2.556163 26.06213 500
2.323498 20.43797 500
2.411736 21.22895 500
2.446959 24.38233 500
2.474223 25.05064 600
2.472834 23.14876 600
2.613264 29.1891 600
2.521455 24.52188 600
2.57873 27.06892 600
2.486835 24.46324 600
2.638043 28.87027 600
2.452094 24.92881 600
2.614956 31.53227 600
2.40755 23.61371 600
2.525592 25.98039 600
2.581849 27.53317 600
2.522052 25.78152 600
2.635607 29.58732 600
2.650743 28.93743 600
2.486933 23.86912 600
2.671346 32.37441 600
2.477451 23.61975 600
2.588193 27.72097 600
2.564342 25.12309 600
2.546143 25.22141 600
2.55765 27.63038 600
2.588663 27.18004 600
2.631667 28.4304 600
2.579703 28.97387 600
2.576227 25.72102 600
2.50717 25.28827 600
2.451359 22.94629 600
2.415824 23.81805 600
2.686579 29.96416 600
2.563681 26.51371 600
2.401889 22.88023 600
2.380422 21.27654 600
2.577486 25.72044 600
2.409552 22.38742 600
2.528691 27.30554 600
2.547885 25.72881 600
2.659232 29.33639 600
2.423797 22.26742 600
2.400243 21.39713 600
2.612968 28.38232 600
2.325079 20.28773 600
2.514082 25.47991 600
2.397601 21.98997 600
2.505107 26.07842 600
2.417554 23.30912 600
2.391087 21.59721 600
2.637167 30.04402 600
2.46537 25.5105 600
2.562803 28.67636 600
2.573052 28.14686 700
2.359812 21.38665 700
2.436702 24.56875 700
2.478535 26.30517 700
2.521064 25.11678 700
2.578635 27.49884 700
2.478706 24.58974 700
2.627101 28.70548 700
2.576966 30.02104 700
2.471653 24.03463 700
2.534753 26.43777 700
2.519283 25.74358 700
2.550337 27.26363 700
2.527118 27.10092 700
2.638279 29.12996 700
2.593246 28.62624 700
2.458055 24.73452 700
2.4652 24.05165 700
2.520091 24.91825 700
2.524349 26.74904 700
2.555722 25.59876 700
2.510002 25.6001 700
2.470208 22.52728 700
2.566503 28.00004 700
2.549475 26.62896 700
2.67426 31.36638 700
2.460235 22.67381 700
2.559687 26.74479 700
2.441875 23.6805 700
2.510839 26.60964 700
2.62571 28.82385 700
2.561492 24.15483 700
2.462099 23.63595 700
2.526742 26.23482 700
2.52116 25.92364 700
2.602834 27.15025 700
2.531726 25.70229 700
2.382957 21.97388 700
2.444556 22.4068 700
2.437958 22.44096 700
2.472704 25.20844 700
2.519178 27.01131 700
2.405738 21.09667 700
2.38805 22.64282 700
2.409544 21.86078 700
2.480405 23.47694 700
2.734197 35.42286 700
2.576168 30.08698 700
2.548368 25.97086 700
2.356423 22.15288 700
2.497516 23.98313 800
2.566341 28.76099 800
2.463243 23.9363 800
2.510586 23.86743 800
2.55111 25.01744 800
2.601711 28.22393 800
2.433448 23.23377 800
2.415867 24.07089 800
2.562069 27.17879 800
2.502969 23.49507 800
2.438046 23.10681 800
2.5416 25.54847 800
2.404219 22.99821 800
2.433252 23.00725 800
2.508244 25.79643 800
2.535606 27.64741 800
2.374378 21.1798 800
2.57851 26.78237 800
2.497482 24.81388 800
2.552883 25.82683 800
2.568351 27.90899 800
2.466703 24.77254 800
2.420145 23.27582 800
2.585467 27.26983 800
2.660991 29.48191 800
2.553872 25.86586 800
2.553883 27.23276 800
2.521692 26.06314 800
2.45726 24.4406 800
2.613233 29.89313 800
2.47001 22.62979 800
2.635408 32.39824 800
2.411124 23.33087 800
2.327287 19.04112 800
2.508486 26.79942 800
2.441558 22.80605 800
2.456867 23.43535 800
2.539344 29.00762 800
2.538708 27.42563 800
2.420904 20.86312 800
2.540208 28.60798 800
2.503253 25.44169 800
2.381434 22.8159 800
2.600772 27.62053 800
2.446747 24.03388 800
2.489125 27.32388 800
2.59534 27.53006 800
2.47455 23.87102 800
2.462367 22.55464 800
2.540444 24.01453 800
2.504613 24.44836 900
2.454383 24.21224 900
2.479704 24.70717 900
2.552981 27.54445 900
2.554818 25.30597 900
2.503736 23.20944 900
2.535074 27.51374 900
2.567702 28.80844 900
2.43795 22.87196 900
2.536902 25.44441 900
2.471283 26.98334 900
2.425503 23.81347 900
2.5481 27.81915 900
2.47629 25.7776 900
2.484481 24.17122 900
2.494068 23.79133 900
2.517057 26.45389 900
2.564334 28.43751 900
2.603869 26.97741 900
2.608238 28.39507 900
2.388135 22.83321 900
2.558104 25.66925 900
2.509868 26.03155 900
2.442695 23.55777 900
2.418845 23.24787 900
2.579426 27.8795 900
2.460195 22.02772 900
2.453895 23.51807 900
2.538645 28.91473 900
2.47641 24.16971 900
2.585574 27.51889 900
2.447784 23.64284 900
2.442912 24.67773 900
2.522962 25.18296 900
2.567218 26.21108 900
2.354325 21.24959 900
2.433769 23.28128 900
2.50981 24.90604 900
2.391347 22.77013 900
2.454428 23.52001 900
2.430261 23.01882 900
2.602063 30.74561 900
2.489583 25.68372 900
2.528211 26.74263 900
2.415791 22.73689 900
2.450712 24.26791 900
2.529398 24.30392 900
2.521216 23.84393 900
2.398695 22.31999 900
2.505355 24.31341 900
2.586238 28.35109 1000
2.523867 25.88938 1000
2.531172 26.2891 1000
2.517156 24.83858 1000
2.420864 21.57163 1000
2.512646 25.41251 1000
2.554238 25.3856 1000
2.531453 26.04136 1000
2.48642 24.3812 1000
2.586409 26.21534 1000
2.541379 25.93937 1000
2.478167 25.64962 1000
2.425291 23.77806 1000
2.616387 28.11426 1000
2.502975 25.39211 1000
2.566287 28.20216 1000
2.59368 27.81659 1000
2.557633 26.20421 1000
2.481286 25.61433 1000
2.558841 26.84549 1000
2.483255 24.14256 1000
2.439625 23.92214 1000
2.468314 23.46903 1000
2.462163 23.05692 1000
2.574587 28.37862 1000
2.452072 23.48376 1000
2.513498 25.52405 1000
2.505033 24.84123 1000
2.56387 27.45313 1000
2.506897 24.32945 1000
2.495068 25.07373 1000
2.530992 27.00582 1000
2.403442 23.54237 1000
2.510164 25.80192 1000
2.467363 24.20034 1000
2.570677 26.257 1000
2.485799 23.81288 1000
2.442306 23.75768 1000
2.44984 24.02308 1000
2.507791 25.93799 1000
2.529855 26.99073 1000
2.586688 28.07304 1000
2.545154 26.87389 1000
2.432229 22.58804 1000
2.52162 26.05801 1000
2.495568 25.46135 1000
2.632402 29.87055 1000
2.491736 25.58301 1000
2.542481 27.51837 1000
2.520537 26.67683 1000
3.093905 48.36679 100
2.558558 32.53284 100
2.688168 30.64147 100
2.70539 38.6351 100
2.453835 25.05412 100
2.614142 24.74789 100
3.061456 51.9948 100
2.479387 26.65389 100
2.38397 21.23454 100
2.64514 29.61148 100
2.732586 34.11117 100
2.504187 28.39963 100
2.834695 41.37674 100
2.304473 19.37796 100
2.825252 34.9642 100
2.468437 22.98233 200
2.617387 30.57751 200
2.588223 27.42136 200
2.588822 26.67444 200
2.639277 29.92241 200
2.45783 22.69415 200
2.694605 34.98945 200
2.339079 23.11002 200
2.656449 28.0007 200
2.458 23.5287 200
2.789642 34.99867 200
2.635285 29.5963 200
2.448759 19.83771 200
2.387024 20.71894 200
2.440355 28.70117 200
2.341609 20.33382 300
2.481042 23.14516 300
2.578731 24.47413 300
2.478731 25.93071 300
2.446409 24.23678 300
2.310837 20.20093 300
2.725815 36.96233 300
2.373423 19.92898 300
2.394183 21.07782 300
2.603892 26.31356 300
2.668845 31.41442 300
2.792392 37.13988 300
2.389322 21.93402 300
2.433462 21.84537 300
2.495842 24.60608 300
2.428693 23.95537 400
2.394077 21.48089 400
2.586916 26.8397 400
2.556887 25.45045 400
2.661035 30.24169 400
2.821127 35.29161 400
2.439243 22.10434 400
2.583214 25.14185 400
2.388408 20.56 400
2.548785 31.01083 400
2.801905 42.08683 400
2.422921 20.84954 400
2.641083 30.75151 400
2.374768 23.19324 400
2.478203 22.21345 400
2.492856 25.93199 500
2.57449 28.71345 500
2.425468 22.01303 500
2.53016 23.56656 500
2.572198 27.13279 500
2.594247 29.47342 500
2.598921 30.78104 500
2.391007 21.89267 500
2.591364 28.46509 500
2.547902 26.58104 500
2.537555 25.88248 500
2.46399 24.14868 500
2.337022 19.42778 500
2.460983 23.88153 500
2.372628 20.18743 500
2.527579 25.92443 600
2.480034 23.3097 600
2.368362 22.09651 600
2.628941 31.12247 600
2.558363 27.90175 600
2.596025 27.87482 600
2.504871 24.61787 600
2.551894 26.41312 600
2.710816 34.73186 600
2.510813 24.82427 600
2.396362 22.39883 600
2.443683 23.03633 600
2.510413 27.27265 600
2.5307 23.62006 600
2.469721 22.44802 600
2.520379 26.96293 700
2.412848 22.68086 700
2.517025 25.27091 700
2.549514 26.67405 700
2.699832 31.28468 700
2.563527 28.19748 700
2.545591 25.44864 700
2.45397 23.82538 700
2.471957 25.66625 700
2.565447 27.07258 700
2.593142 28.24223 700
2.427881 22.85091 700
2.592341 28.34155 700
2.537242 25.89922 700
2.483277 24.09546 700
2.504446 24.46796 800
2.6163 27.35412 800
2.563119 28.14068 800
2.370324 21.21477 800
2.553763 26.16953 800
2.520302 25.30234 800
2.490054 24.87913 800
2.654342 30.68264 800
2.464282 24.15732 800
2.57084 27.82783 800
2.522417 25.58131 800
2.54814 25.89235 800
2.6146 28.80268 800
2.50973 25.29777 800
2.542841 28.08329 800
2.539701 26.97514 900
2.4125 24.64501 900
2.437227 23.69606 900
2.508555 26.07219 900
2.544011 26.16149 900
2.57076 27.56609 900
2.472045 22.80591 900
2.511278 26.51564 900
2.457829 24.43097 900
2.489358 25.27446 900
2.443375 22.9299 900
2.488032 23.60515 900
2.544867 26.98357 900
2.520187 25.57516 900
2.563105 25.4972 900
2.61464 29.60399 1000
2.42601 22.91489 1000
2.506555 25.09735 1000
2.586298 27.36015 1000
2.619361 30.544 1000
2.545141 27.46837 1000
2.453452 24.39959 1000
2.398264 21.99845 1000
2.500637 25.30518 1000
2.429415 22.89934 1000
2.432793 23.28572 1000
2.567214 26.95582 1000
2.510156 25.37736 1000
2.606028 28.24788 1000
2.603323 26.17106 1000
